             precision    recall  f1-score   support

          .       1.00      1.00      1.00     22471
        ADJ       0.91      0.94      0.93      7339
        ADP       0.96      0.98      0.97     14953
        ADV       0.95      0.92      0.93      8319
       CONJ       0.99      1.00      0.99      4406
        DET       0.99      0.99      0.99     16380
       NOUN       0.97      0.98      0.97     27831
        NUM       0.97      0.99      0.98      1038
       PRON       1.00      0.98      0.99     10795
        PRT       0.95      0.92      0.93      5655
       VERB       0.99      0.98      0.99     26401
          X       0.79      0.39      0.52        98

avg / total       0.98      0.98      0.98    145686

